
Minimum & Actial costs of Hospitals in the COS and C technologies

DMU            C            COS         NC=CIS=WACM     Actual Cost
-----------------------------------------------------------------
j1          500.949        713.000        713.000        713.000
j2         1666.412       1843.000       1843.000       1843.000
j3          333.204        340.000        340.000        340.000
j4         1172.823       1191.000       1191.000       1191.000
j5         1324.454       1369.998       1369.998       1369.998
j6          428.000        428.000        428.000        428.000
j7          345.701        544.686        740.001        740.001
j8         1766.000       1766.000       1766.000       1766.000
j9         1030.172       1305.785       1896.278       1996.999
j10         727.743       1325.236       1476.001       1476.001
j11         594.898        791.285        998.000        998.000
j12        1196.166       1664.764       1842.997       1842.997
j13         449.861        672.851        728.000        728.000
j14        1366.884       1854.001       1854.001       1854.001
j15         976.426       1435.905       1551.004       1551.004
j16         299.071        444.284        560.000        560.000
j17         167.489        220.058        267.000        267.000
j18         658.315       1071.942       1409.159       1440.000
j19        1221.000       1221.000       1221.000       1221.000
j20        1249.389       1436.000       1436.000       1436.000
j21        1123.435       1330.184       1520.000       1520.000
j22         784.929       1288.230       1434.000       1434.000
j23        1310.693       1925.228       1990.000       1990.000
j24        1073.339       1357.577       2078.998       2078.998
j25         692.000        692.000        692.000        692.000
j26         158.000        158.000        158.000        158.000
j27        1000.128       1363.823       1452.002       1452.002
j28         283.071        290.000        290.000        290.000
j29        1154.541       1218.000       1218.000       1218.000
j30        1267.346       1510.000       1510.000       1510.000
j31         379.877        424.000        424.000        424.000
j32         980.212       1292.998       1292.998       1292.998
j33         993.954       1232.457       1628.001       1628.001
j34         450.671        749.565        810.001        810.001
j35         731.040       1188.928       1298.000       1298.000
j36         255.645        286.000        286.000        286.000
j37         227.721        341.252        374.000        374.000
j38         195.000        195.000        195.000        195.000
j39         258.750        402.765        634.000        634.000
j40         258.944        314.000        314.000        314.000
j41         964.013       1264.070       2054.000       2054.000
j42        1803.001       1803.001       1803.001       1803.001
j43         266.433        431.000        431.000        431.000
j44        1091.674       1281.359       1903.000       1903.000
j45         380.249        799.999        799.999        799.999
j46        1085.326       1395.308       1603.996       1603.996
j47        1239.350       1487.218       1499.998       1499.998
j48        1440.738       1675.976       1779.001       1779.001
j49        1345.844       1895.994       1895.994       1895.994
j50         738.303       1102.917       1264.000       1264.000
j51        1061.733       1177.001       1177.001       1177.001
j52        1261.793       1433.262       2169.998       2169.998
j53         829.109        988.000        988.000        988.000
j54        1542.755       1563.999       1563.999       1563.999
j55         704.952        874.998        874.998        874.998
j56         642.159        964.000        964.000        964.000
j57        1577.420       2218.001       2218.001       2218.001
j58         275.928        356.999        356.999        356.999
j59         299.617        465.990        465.990        547.002
j60         100.810        120.376        191.376        253.999
j61          76.383         97.738         97.738        127.998
j62          34.036         49.056         49.056         88.001
j63          98.098        131.297        131.297        177.000
j64        1063.105       1427.637       1710.999       1710.999
j65         979.425       1333.645       1594.001       1594.001
j66         324.925        493.027        722.799        749.001
j67        1721.017       1982.999       1982.999       1982.999
j68         347.947        457.000        457.000        457.000
j69         387.361        503.000        503.000        503.000
j70         872.157       1154.176       1346.001       1346.001
j71         518.946        788.000        788.000        788.000
j72         642.198       1080.624       1751.002       1751.002
j73         520.971        802.091        850.000        850.000
j74         782.184       1330.823       1852.277       1923.000
j75         402.998        529.000        529.000        529.000
j76         666.774       1055.743       1327.999       1327.999
j77         762.454       1311.674       1311.674       1815.001
j78         618.864        953.000        953.000        953.000
j79         722.362       1135.019       1276.000       1276.000
j80         350.739        505.000        505.000        505.000
j81         899.816       1185.003       1425.000       1425.000
j82         473.901        646.797        856.000        856.000
j83         764.823       1428.904       1714.001       1714.001
j84        1231.826       1530.999       1530.999       1530.999
j85         740.096        952.000        952.000        952.000
j86         741.421        961.001        961.001        961.001
j87         827.169        924.000        924.000        924.000
j88        1281.591       1390.999       1390.999       1390.999
j89         905.861       1208.938       1472.002       1472.002
j90         338.803        445.336        445.336        867.000
j91         476.441        616.085        797.000        797.000
j92         528.251        554.001        554.001        554.001
j93         292.546        551.421        595.000        595.000
j94         357.000        357.000        357.000        357.000
j95         940.330       1333.274       1353.000       1353.000
j96         885.121       1226.628       1354.000       1354.000
j97         603.167       1157.783       1664.000       1664.000
j98         310.832        613.775        613.775        615.001
j99        1183.858       1215.999       1215.999       1215.999
j100        500.001        500.001        500.001        500.001
j101        752.042       1293.259       1639.003       1639.003
j102        589.907        837.108       1082.001       1082.001
j103        868.022       1570.999       1570.999       1570.999
j104        444.807        472.000        472.000        472.000
j105       1248.599       1452.999       1452.999       1452.999
j106        895.000        895.000        895.000        895.000
j107        557.000        557.000        557.000        557.000
j108        480.575        757.159       1227.751       1333.002
j109        550.061        599.000        599.000        599.000
j110        759.934       1137.001       1137.001       1137.001
j111        997.937       1442.979       1476.000       1476.000
j112        846.727        944.000        944.000        944.000
j113        659.050       1055.864       1274.001       1274.001
j114       1014.064       1205.723       1719.998       1719.998
j115        470.711        673.001        673.001        673.001
j116        533.624        884.000        884.000        884.000
j117        503.150        967.807       1286.237       1872.000
j118        798.742        969.001        969.001        969.001
j119        701.468        913.001        913.001        913.001
j120        330.979        511.000        511.000        511.000
j121       1106.479       1387.001       1387.001       1387.001
j122        652.730        765.000        765.000        765.000
j123       1685.849       2181.000       2181.000       2181.000
j124        916.310       1721.002       1721.002       1721.002
j125        932.652       1007.001       1007.001       1007.001
j126       1409.390       1992.699       2062.000       2062.000
j127       1267.506       1849.715       2069.002       2069.002
j128        445.741        780.322        869.001        869.001
j129        693.201        975.344        984.998        984.998
j130       1155.698       1376.003       1376.003       1376.003
j131        516.091       1149.615       1149.746       1154.000
j132        671.268        896.001        896.001        896.001
j133        467.419        702.351        994.001        994.001
j134        931.670       1261.636       1505.002       1505.002
j135       1113.000       1113.000       1113.000       1113.000
j136       1173.204       1298.530       1701.999       1701.999
j137        242.129        387.670        518.004        518.004
j138       1055.341       1191.998       1191.998       1191.998
j139       1782.001       1782.001       1782.001       1782.001
j140        221.676        272.000        272.000        272.000
j141        576.632        773.000        773.000        773.000
j142        497.063        939.992       1018.999       1018.999
j143        893.478       1315.372       1505.002       1505.002
j144        501.305        869.483        902.002        902.002
j145       1439.077       1753.001       1753.001       1753.001
j146       1198.893       1731.892       1743.000       1743.000
j147       1103.319       1127.996       1127.996       1127.996
j148       1530.037       1753.000       1753.000       1753.000
j149        595.609        892.234        962.000        962.000
j150       1246.151       1369.002       1369.002       1369.002
j151        954.002        954.002        954.002        954.002
j152        312.397        419.414        440.002        440.002
j153       2749.001       2749.001       2749.001       2749.001
j154       1664.111       2194.095       3186.997       3186.997
j155       2254.652       3252.164       3252.164       3560.999
j156        739.997       1574.613       2017.555       2278.000
j157       2823.158       3871.001       3871.001       3871.001
j158       1284.797       1947.587       2370.000       2370.000
j159       1623.059       2304.998       2304.998       2304.998
j160       2378.151       3017.618       3879.994       3879.994
j161       1256.015       1899.130       2251.000       2251.000
j162       1731.729       2434.696       2890.995       2890.995
j163       1306.463       1818.823       2031.515       2786.001
j164       1290.404       1758.433       1976.451       2715.999
j165       1699.944       2220.296       3269.002       3269.002
j166        842.305       1502.136       1887.790       2468.998
j167       1530.403       2290.781       2374.999       2374.999
j168       2429.460       2528.000       2528.000       2528.000
j169       1737.554       2658.999       2658.999       2658.999
j170       2526.113       3480.422       4143.997       4143.997
j171       1236.196       1582.531       2018.000       2018.000
j172       1370.849       2001.057       2978.772       3300.000
j173       2840.001       2840.001       2840.001       2840.001
j174       1782.373       2638.999       2638.999       2638.999
j175        980.886       1482.207       2120.765       2428.000
j176       1192.936       1928.285       2084.995       2084.995
j177       1170.992       1869.573       2193.002       2193.002
j178       2505.228       3571.995       3571.995       3571.995
j179       2581.780       3127.000       3127.000       3127.000
j180       2071.297       2091.999       2091.999       2091.999
j181       1707.971       2531.867       2800.997       2800.997
j182       1741.142       2265.024       3006.986       3006.986
j183       2054.503       2721.998       2721.998       2721.998
j184       2799.387       2900.996       2900.996       2900.996
j185       2240.181       3794.006       3794.006       3794.006
j186       1789.094       2467.453       2678.998       2678.998
j187       3059.730       4249.000       4249.000       4249.000
j188       3897.494       4623.002       4623.002       4623.002
j189       1933.454       2687.743       3067.309       3827.000
j190        747.416       1263.931       1684.771       1985.997
j191       1440.954       1881.890       2072.000       2072.000
j192       1750.953       2195.000       2195.000       2195.000
j193       2080.961       2488.921       2812.003       2812.003
j194       2174.993       2991.329       3981.998       3981.998
j195       2477.745       3351.995       3351.995       3351.995
j196       1989.850       2545.487       3150.022       3720.002
j197       2363.919       2821.000       2821.000       2821.000
j198       2760.529       3176.003       3176.003       3176.003
j199       1495.457       1626.001       1626.001       1626.001
j200        943.637       1311.529       1874.070       2146.001
j201       1557.659       2312.170       3119.999       3119.999
j202       1951.363       2519.714       2712.003       2712.003
j203       1078.241       1432.189       1947.000       1947.000
j204       1165.210       1736.416       3005.918       3115.997
j205        582.225       1384.819       1471.129       1655.998
j206       2856.867       3350.002       3350.002       3350.002
j207       2238.080       3770.003       3770.003       3770.003
j208       3187.798       3840.997       3840.997       3840.997
j209       2624.037       3402.000       3402.000       3402.000
j210       1602.715       2392.000       2392.000       2392.000
j211       2037.942       2321.000       2321.000       2321.000
j212        837.514       1334.058       1498.383       2555.999
j213       2580.002       2580.002       2580.002       2580.002
j214       2095.038       2979.002       2979.002       2979.002
j215       2236.751       3177.991       4540.008       4540.008
j216        857.205       1246.209       1511.680       2255.002
j217       1800.942       2454.184       2736.117       3219.000
j218       3227.727       4100.001       4100.001       4100.001
j219       2396.202       3046.567       3514.000       3514.000
j220       1626.700       2091.564       2166.999       2166.999
j221       1642.679       2303.660       2303.660       2423.998
j222       1412.774       2055.716       2217.999       2217.999
j223       1092.918       1479.747       2016.272       2050.000
j224       1234.078       1728.217       1817.690       2142.999
j225       1791.871       2485.683       2815.995       2815.995
j226       1659.910       2105.459       2529.997       2529.997
j227       1049.524       1221.090       1851.568       2053.998
j228       1806.859       2101.999       2101.999       2101.999
j229       1550.839       1897.551       2111.000       2111.000
j230       1032.102       1369.274       1987.467       2957.001
j231       2508.197       3255.006       3255.006       3255.006
j232       2709.460       4016.995       4016.995       4016.995
j233       2172.381       2586.001       2586.001       2586.001
j234       1932.635       2476.001       2476.001       2476.001
j235       4066.997       4066.997       4066.997       4066.997
j236        932.055       1376.338       2226.000       2226.000
j237       1717.394       2472.503       2687.006       2687.006
j238       2712.149       3151.001       3151.001       3151.001
j239       2700.371       2705.000       2705.000       2705.000
j240       2310.998       2310.998       2310.998       2310.998
j241       1757.450       2145.001       2145.001       2145.001
j242        585.169        791.001        791.001        791.001
j243       2850.205       3674.004       3674.004       3674.004
j244       2140.748       3334.071       3934.002       3934.002
j245       2663.101       3206.001       3206.001       3206.001
j246       1928.556       2032.997       2032.997       2032.997
j247       1966.803       2504.000       2504.000       2504.000
j248       1563.882       2242.204       2578.938       3062.001
j249       1180.075       1897.526       2566.002       2566.002
j250       1484.529       2382.589       2382.589       2449.003
j251       1699.001       1699.001       1699.001       1699.001
j252       1566.289       2309.204       2915.003       2915.003
j253       2012.669       2345.001       2345.001       2345.001
j254       2475.487       2556.999       2556.999       2556.999
j255       2037.444       2625.003       2625.003       2625.003
j256       2814.877       3034.999       3034.999       3034.999
j257       6172.078       6932.009       6932.009       6932.009
j258       4426.647       5003.003       5003.003       5003.003
j259       4888.001       4888.001       4888.001       4888.001
j260       2511.161       3163.935       4315.999       4315.999
j261       2036.388       2949.430       2949.430       4005.997
j262       2944.448       3924.043       4615.003       4615.003
j263       3130.764       4503.740       4942.003       4942.003
j264       2897.152       4519.012       4519.012       4519.012
j265       2345.655       3380.387       5028.007       5934.993
j266       1762.152       2220.031       3686.996       3686.996
j267       4078.997       4078.997       4078.997       4078.997
j268       3823.922       5205.003       5205.003       5205.003
j269       2711.397       3995.001       3995.001       3995.001
j270       2853.551       4501.759       4508.998       4508.998
j271       1748.556       2368.520       3827.999       3827.999
j272       3978.962       5160.293       5234.996       5234.996
j273       3537.210       4698.366       6904.985       6904.985
j274       3849.023       4662.000       4662.000       4662.000
j275       3393.389       4424.756       4898.002       4898.002
j276       1488.735       1952.071       2412.243       3704.003
j277       5173.401       6176.001       6176.001       6176.001
j278       2267.230       3695.774       3842.821       3971.002
j279       4878.214       6465.004       6465.004       6465.004
j280       3376.563       4232.655       5761.994       5761.994
j281       3049.550       4167.143       4860.953       5206.005
j282       2869.693       4055.672       4639.992       4639.992
j283       4446.738       6026.995       6026.995       6026.995
j284       2168.558       3763.216       3948.512       4329.003
j285       4081.903       4653.995       4653.995       4653.995
j286       2817.588       3574.061       3795.001       3795.001
j287       1280.822       2044.873       2361.990       3875.999
j288       3418.025       4594.660       5214.996       5214.996
j289       2882.706       4349.859       5271.418       5308.003
j290       2988.069       4559.627       5900.000       5900.000
j291       3955.085       5543.996       5543.996       5543.996
j292       3804.001       3804.001       3804.001       3804.001
j293       2436.195       3614.210       4098.012       4315.999
j294       4555.848       8207.995       8207.995       8207.995
j295       7313.008       7313.008       7313.008       7313.008
j296       4618.001       4618.001       4618.001       4618.001
j297       3841.132       4595.002       4595.002       4595.002
j298       3340.006       3340.006       3340.006       3340.006
j299       2724.998       2724.998       2724.998       2724.998
j300      11191.062      13283.707      13627.997      13627.997
j301       9958.497      10805.994      10805.994      10805.994
j302      10272.251      12083.996      12083.996      12083.996
j303       8392.421       9990.987       9990.987       9990.987
j304      10401.998      10401.998      10401.998      10401.998
j305       7562.571       7929.008       7929.008       7929.008
j306      13105.995      13105.995      13105.995      13105.995
j307       3966.580       7011.898       8155.005       8155.005
j308      13237.995      13237.995      13237.995      13237.995
j309       9716.000       9716.000       9716.000       9716.000
j310       9955.783      12376.985      12376.985      12376.985
j311      14369.996      14369.996      14369.996      14369.996
j312       7158.003       7158.003       7158.003       7158.003
j313       7873.911       8458.006       8458.006       8458.006
j314       6554.412       8695.313       9257.006       9257.006
j315       4572.794       6373.984       6373.984       6373.984
j316      18612.972      18612.972      18612.972      18612.972
j317       7954.014       9034.000       9034.000       9034.000
j318      21263.257      22871.012      22871.012      22871.012
j319      18578.032      18578.032      18578.032      18578.032
j320      29765.021      29765.021      29765.021      29765.021
j321      42885.016      42885.016      42885.016      42885.016
j322      83905.083      83905.083      83905.083      83905.083
-----------------------------------------------------------------
